0| 0 [0 0 0]| 1 [640 480]| 2 [0 0 0]|
1| 0 [410 200 0]| 1 [50 50]| 2 [100 20 40]| 3 [100 20 40]| 4 [0.0]| 5 [0.0]|
2| 0 [5 320 0]| 1 [50 50]| 2 [214 2 112]| 3 [214 2 112]| 4 [0.0]|
3| 0 [56 320 0]| 1 [50 50]| 2 [214 2 112]| 3 [214 2 112]| 4 [0.0]|
4| 0 [107 320 0]| 1 [50 50]| 2 [155 75 150]| 3 [155 75 150]| 4 [0.0]|
5| 0 [158 320 0]| 1 [50 50]| 2 [155 75 150]| 3 [155 75 150]| 4 [0.0]|
6| 0 [209 320 0]| 1 [50 50]| 2 [155 75 150]| 3 [155 75 150]| 4 [0.0]|
7| 0 [260 320 0]| 1 [50 50]| 2 [0 56 168]| 3 [0 56 168]| 4 [0.0]|
8| 0 [311 320 0]| 1 [50 50]| 2 [0 56 168]| 3 [0 56 168]| 4 [0.0]|
9| 0 [450 10 0]| 1 [50 50]| 2 [39 56 10]| 3 [39 56 10]| 4 [0.0]|
10| 0 [0 0 0]| 1 [0 0]|
